#         z                     Re                     Im
 -9.00000000000000E+000 -1.11112447711415E-001
 -8.95000000000000E+000 -1.11749786675173E-001
 -8.90000000000000E+000 -1.12389072534441E-001
 -8.85000000000000E+000 -1.13033541221521E-001
 -8.80000000000000E+000 -1.13684313307830E-001
 -8.75000000000000E+000 -1.14341792393375E-001
 -8.70000000000000E+000 -1.15006335871943E-001
 -8.65000000000000E+000 -1.15678255386127E-001
 -8.60000000000000E+000 -1.16357889569442E-001
 -8.55000000000000E+000 -1.17045135658486E-001
 -8.50000000000000E+000 -1.17740478805062E-001
 -8.45000000000000E+000 -1.18443714467139E-001
 -8.40000000000000E+000 -1.19155403529553E-001
 -8.35000000000000E+000 -1.19875597394779E-001
 -8.30000000000000E+000 -1.20604658100110E-001
 -8.25000000000000E+000 -1.21342484488592E-001
 -8.20000000000000E+000 -1.22089521333605E-001
 -8.15000000000000E+000 -1.22845754544913E-001
 -8.10000000000000E+000 -1.23611522083328E-001
 -8.05000000000000E+000 -1.24386960489283E-001
 -8.00000000000000E+000 -1.25172407017619E-001
 -7.95000000000000E+000 -1.25967820779942E-001
 -7.90000000000000E+000 -1.26773733500436E-001
 -7.85000000000000E+000 -1.27589939545234E-001
 -7.80000000000000E+000 -1.28417049515689E-001
 -7.75000000000000E+000 -1.29254914296429E-001
 -7.70000000000000E+000 -1.30104113260372E-001
 -7.65000000000000E+000 -1.30964499815248E-001
 -7.60000000000000E+000 -1.31836764484821E-001
 -7.55000000000000E+000 -1.32720710186610E-001
 -7.50000000000000E+000 -1.33616926882538E-001
 -7.45000000000000E+000 -1.34525403292403E-001
 -7.40000000000000E+000 -1.35446762712108E-001
 -7.35000000000000E+000 -1.36380841494698E-001
 -7.30000000000000E+000 -1.37328292833477E-001
 -7.25000000000000E+000 -1.38289208133345E-001
 -7.20000000000000E+000 -1.39264011786021E-001
 -7.15000000000000E+000 -1.40252771902196E-001
 -7.10000000000000E+000 -1.41256349027022E-001
 -7.05000000000000E+000 -1.42274584661764E-001
 -7.00000000000000E+000 -1.43308078171519E-001
 -6.95000000000000E+000 -1.44356871726963E-001
 -6.90000000000000E+000 -1.45421664652209E-001
 -6.85000000000000E+000 -1.46502508920141E-001
 -6.80000000000000E+000 -1.47600112813093E-001
 -6.75000000000000E+000 -1.48714372850446E-001
 -6.70000000000000E+000 -1.49846263181089E-001
 -6.65000000000000E+000 -1.50995740569318E-001
 -6.60000000000000E+000 -1.52163662142702E-001
 -6.55000000000000E+000 -1.53350044144651E-001
 -6.50000000000000E+000 -1.54555685846715E-001
 -6.45000000000000E+000 -1.55780740048070E-001
 -6.40000000000000E+000 -1.57026008004241E-001
 -6.35000000000000E+000 -1.58291654907839E-001
 -6.30000000000000E+000 -1.59578607592227E-001
 -6.25000000000000E+000 -1.60886973489981E-001
 -6.20000000000000E+000 -1.62217598165796E-001
 -6.15000000000000E+000 -1.63570800029646E-001
 -6.10000000000000E+000 -1.64947434454394E-001
 -6.05000000000000E+000 -1.66347818134208E-001
 -6.00000000000000E+000 -1.67772916175013E-001
 -5.95000000000000E+000 -1.69222977013578E-001
 -5.90000000000000E+000 -1.70699078202118E-001
 -5.85000000000000E+000 -1.72201546341100E-001
 -5.80000000000000E+000 -1.73731389446847E-001
 -5.75000000000000E+000 -1.75289049768185E-001
 -5.70000000000000E+000 -1.76875657299436E-001
 -5.65000000000000E+000 -1.78491615525916E-001
 -5.60000000000000E+000 -1.80138055309022E-001
 -5.55000000000000E+000 -1.81815566996307E-001
 -5.50000000000000E+000 -1.83525270138017E-001
 -5.45000000000000E+000 -1.85267766668403E-001
 -5.40000000000000E+000 -1.87044315624954E-001
 -5.35000000000000E+000 -1.88855599290602E-001
 -5.30000000000000E+000 -1.90702879639124E-001
 -5.25000000000000E+000 -1.92586922683342E-001
 -5.20000000000000E+000 -1.94509097732088E-001
 -5.15000000000000E+000 -1.96470220833679E-001
 -5.10000000000000E+000 -1.98471729333129E-001
 -5.05000000000000E+000 -2.00514635866327E-001
 -5.00000000000000E+000 -2.02600353875320E-001
 -4.95000000000000E+000 -2.04729961764629E-001
 -4.90000000000000E+000 -2.06905059397778E-001
 -4.85000000000000E+000 -2.09126830131573E-001
 -4.80000000000000E+000 -2.11396922196108E-001
 -4.75000000000000E+000 -2.13716670177791E-001
 -4.70000000000000E+000 -2.16087918194236E-001
 -4.65000000000000E+000 -2.18512035625379E-001
 -4.60000000000000E+000 -2.20990865580761E-001
 -4.55000000000000E+000 -2.23526020797687E-001
 -4.50000000000000E+000 -2.26119594692095E-001
 -4.45000000000000E+000 -2.28773315341972E-001
 -4.40000000000000E+000 -2.31489295831232E-001
 -4.35000000000000E+000 -2.34269463005266E-001
 -4.30000000000000E+000 -2.37116250886206E-001
 -4.25000000000000E+000 -2.40031809630261E-001
 -4.20000000000000E+000 -2.43018627458341E-001
 -4.15000000000000E+000 -2.46079035557359E-001
 -4.10000000000000E+000 -2.49215787042783E-001
 -4.05000000000000E+000 -2.52431506025491E-001
 -4.00000000000000E+000 -2.55729205582602E-001
 -3.95000000000000E+000 -2.59111765261075E-001
 -3.90000000000000E+000 -2.62582454843568E-001
 -3.85000000000000E+000 -2.66144448195155E-001
 -3.80000000000000E+000 -2.69801359219613E-001
 -3.75000000000000E+000 -2.73556746580744E-001
 -3.70000000000000E+000 -2.77414589833711E-001
 -3.65000000000000E+000 -2.81378829111791E-001
 -3.60000000000000E+000 -2.85453871419428E-001
 -3.55000000000000E+000 -2.89644139946828E-001
 -3.50000000000000E+000 -2.93954538500510E-001
 -3.45000000000000E+000 -2.98390032335107E-001
 -3.40000000000000E+000 -3.02956098455077E-001
 -3.35000000000000E+000 -3.07658340052174E-001
 -3.30000000000000E+000 -3.12502904963666E-001
 -3.25000000000000E+000 -3.17496133907225E-001
 -3.20000000000000E+000 -3.22644964115303E-001
 -3.15000000000000E+000 -3.27956626897765E-001
 -3.10000000000000E+000 -3.33439003164043E-001
 -3.05000000000000E+000 -3.39100365247772E-001
 -3.00000000000000E+000 -3.44949718472204E-001
 -2.95000000000000E+000 -3.50996571853573E-001
 -2.90000000000000E+000 -3.57251286736853E-001
 -2.85000000000000E+000 -3.63724883494268E-001
 -2.80000000000000E+000 -3.70429367837766E-001
 -2.75000000000000E+000 -3.77377596484976E-001
 -2.70000000000000E+000 -3.84583577314604E-001
 -2.65000000000000E+000 -3.92062378277935E-001
 -2.60000000000000E+000 -3.99830488847045E-001
 -2.55000000000000E+000 -4.07905769555981E-001
 -2.50000000000000E+000 -4.16307760593587E-001
 -2.45000000000000E+000 -4.25057754985272E-001
 -2.40000000000000E+000 -4.34179160002555E-001
 -2.35000000000000E+000 -4.43697588390717E-001
 -2.30000000000000E+000 -4.53641297792666E-001
 -2.25000000000000E+000 -4.64041403117745E-001
 -2.20000000000000E+000 -4.74932382118467E-001
 -2.15000000000000E+000 -4.86352404291097E-001
 -2.10000000000000E+000 -4.98343967875606E-001
 -2.05000000000000E+000 -5.10954400500538E-001
 -2.00000000000000E+000 -5.24236662662566E-001
 -1.95000000000000E+000 -5.38250091023895E-001
 -1.90000000000000E+000 -5.53061442322846E-001
 -1.85000000000000E+000 -5.68745975610435E-001
 -1.80000000000000E+000 -5.85388878725208E-001
 -1.75000000000000E+000 -6.03086815345844E-001
 -1.70000000000000E+000 -6.21949908739094E-001
 -1.65000000000000E+000 -6.42103988448714E-001
 -1.60000000000000E+000 -6.63693394706156E-001
 -1.55000000000000E+000 -6.86884268451340E-001
 -1.50000000000000E+000 -7.11868628828237E-001
 -1.45000000000000E+000 -7.38869236544570E-001
 -1.40000000000000E+000 -7.68145650689563E-001
 -1.35000000000000E+000 -8.00001600165792E-001
 -1.30000000000000E+000 -8.34794191608895E-001
 -1.25000000000000E+000 -8.72945334120701E-001
 -1.20000000000000E+000 -9.14956142453595E-001
 -1.15000000000000E+000 -9.61425089921771E-001
 -1.10000000000000E+000 -1.01307123102156E+000
 -1.05000000000000E+000 -1.07076406957105E+000
 -1.00000000000000E+000 -1.13556250963031E+000
 -9.50000000000000E-001 -1.20876607989452E+000
 -9.00000000000000E-001 -1.29198323996346E+000
 -8.50000000000000E-001 -1.38722356433427E+000
 -8.00000000000000E-001 -1.49702431466351E+000
 -7.50000000000000E-001 -1.62462730931931E+000
 -7.00000000000000E-001 -1.77433721024632E+000
 -6.50000000000000E-001 -1.95162478625535E+000
 -6.00000000000000E-001 -2.16385275445107E+000
 -5.50000000000000E-001 -2.42113456135114E+000
 -5.00000000000000E-001 -2.73761401533552E+000
 -4.50000000000000E-001 -3.13379553551242E+000
 -4.00000000000000E-001 -3.64039848652514E+000
 -3.50000000000000E-001 -4.30558764857257E+000
 -3.00000000000000E-001 -5.20939743769348E+000
 -2.50000000000000E-001 -6.49477252179191E+000
 -2.00000000000000E-001 -8.43868826162576E+000
 -1.50000000000000E-001 -1.19623363969742E+001
 -1.00000000000000E-001 -1.72025730490564E+001
 -5.00000000000000E-002 -4.06250941044344E+001
  0.00000000000000E+000 -9.23395751187792E+001
  5.00000000000000E-002 -4.06250941044344E+001
  1.00000000000000E-001 -1.72025730490564E+001
  1.50000000000000E-001 -1.19623363969742E+001
  2.00000000000000E-001 -8.43868826162577E+000
  2.50000000000000E-001 -6.49477252179192E+000
  3.00000000000000E-001 -5.20939743769348E+000
  3.50000000000000E-001 -4.30558764857257E+000
  4.00000000000000E-001 -3.64039848652514E+000
  4.50000000000000E-001 -3.13379553551243E+000
  5.00000000000000E-001 -2.73761401533552E+000
  5.50000000000000E-001 -2.42113456135115E+000
  6.00000000000000E-001 -2.16385275445108E+000
  6.50000000000000E-001 -1.95162478625536E+000
  7.00000000000000E-001 -1.77433721024632E+000
  7.50000000000000E-001 -1.62462730931932E+000
  8.00000000000000E-001 -1.49702431466351E+000
  8.50000000000000E-001 -1.38722356433428E+000
  9.00000000000000E-001 -1.29198323996346E+000
  9.50000000000000E-001 -1.20876607989452E+000
  1.00000000000000E+000 -1.13556250963032E+000
  1.05000000000000E+000 -1.07076406957105E+000
  1.10000000000000E+000 -1.01307123102156E+000
  1.15000000000000E+000 -9.61425089921775E-001
  1.20000000000000E+000 -9.14956142453599E-001
  1.25000000000000E+000 -8.72945334120708E-001
  1.30000000000000E+000 -8.34794191608900E-001
  1.35000000000000E+000 -8.00001600165796E-001
  1.40000000000000E+000 -7.68145650689567E-001
  1.45000000000000E+000 -7.38869236544577E-001
  1.50000000000000E+000 -7.11868628828239E-001
  1.55000000000000E+000 -6.86884268451347E-001
  1.60000000000000E+000 -6.63693394706160E-001
  1.65000000000000E+000 -6.42103988448717E-001
  1.70000000000000E+000 -6.21949908739097E-001
  1.75000000000000E+000 -6.03086815345847E-001
  1.80000000000000E+000 -5.85388878725209E-001
  1.85000000000000E+000 -5.68745975610437E-001
  1.90000000000000E+000 -5.53061442322848E-001
  1.95000000000000E+000 -5.38250091023895E-001
  2.00000000000000E+000 -5.24236662662568E-001
  2.05000000000000E+000 -5.10954400500540E-001
  2.10000000000000E+000 -4.98343967875607E-001
  2.15000000000000E+000 -4.86352404291097E-001
  2.20000000000000E+000 -4.74932382118468E-001
  2.25000000000000E+000 -4.64041403117746E-001
  2.30000000000000E+000 -4.53641297792667E-001
  2.35000000000000E+000 -4.43697588390718E-001
  2.40000000000000E+000 -4.34179160002556E-001
  2.45000000000000E+000 -4.25057754985274E-001
  2.50000000000000E+000 -4.16307760593591E-001
  2.55000000000000E+000 -4.07905769555983E-001
  2.60000000000000E+000 -3.99830488847046E-001
  2.65000000000000E+000 -3.92062378277937E-001
  2.70000000000000E+000 -3.84583577314605E-001
  2.75000000000000E+000 -3.77377596484977E-001
  2.80000000000000E+000 -3.70429367837767E-001
  2.85000000000000E+000 -3.63724883494268E-001
  2.90000000000000E+000 -3.57251286736854E-001
  2.95000000000000E+000 -3.50996571853573E-001
  3.00000000000000E+000 -3.44949718472206E-001
  3.05000000000000E+000 -3.39100365247772E-001
  3.10000000000000E+000 -3.33439003164044E-001
  3.15000000000000E+000 -3.27956626897765E-001
  3.20000000000000E+000 -3.22644964115304E-001
  3.25000000000000E+000 -3.17496133907227E-001
  3.30000000000000E+000 -3.12502904963667E-001
  3.35000000000000E+000 -3.07658340052175E-001
  3.40000000000000E+000 -3.02956098455077E-001
  3.45000000000000E+000 -2.98390032335108E-001
  3.50000000000000E+000 -2.93954538500511E-001
  3.55000000000000E+000 -2.89644139946829E-001
  3.60000000000000E+000 -2.85453871419428E-001
  3.65000000000000E+000 -2.81378829111791E-001
  3.70000000000000E+000 -2.77414589833712E-001
  3.75000000000000E+000 -2.73556746580745E-001
  3.80000000000000E+000 -2.69801359219614E-001
  3.85000000000000E+000 -2.66144448195156E-001
  3.90000000000000E+000 -2.62582454843568E-001
  3.95000000000000E+000 -2.59111765261076E-001
  4.00000000000000E+000 -2.55729205582603E-001
  4.05000000000000E+000 -2.52431506025491E-001
  4.10000000000000E+000 -2.49215787042784E-001
  4.15000000000000E+000 -2.46079035557359E-001
  4.20000000000000E+000 -2.43018627458341E-001
  4.25000000000000E+000 -2.40031809630262E-001
  4.30000000000000E+000 -2.37116250886207E-001
  4.35000000000000E+000 -2.34269463005266E-001
  4.40000000000000E+000 -2.31489295831233E-001
  4.45000000000000E+000 -2.28773315341972E-001
  4.50000000000000E+000 -2.26119594692095E-001
  4.55000000000000E+000 -2.23526020797688E-001
  4.60000000000000E+000 -2.20990865580761E-001
  4.65000000000000E+000 -2.18512035625380E-001
  4.70000000000000E+000 -2.16087918194237E-001
  4.75000000000000E+000 -2.13716670177792E-001
  4.80000000000000E+000 -2.11396922196108E-001
  4.85000000000000E+000 -2.09126830131573E-001
  4.90000000000000E+000 -2.06905059397779E-001
  4.95000000000000E+000 -2.04729961764630E-001
  5.00000000000000E+000 -2.02600353875321E-001
  5.05000000000000E+000 -2.00514635866328E-001
  5.10000000000000E+000 -1.98471729333130E-001
  5.15000000000000E+000 -1.96470220833679E-001
  5.20000000000000E+000 -1.94509097732088E-001
  5.25000000000000E+000 -1.92586922683343E-001
  5.30000000000000E+000 -1.90702879639125E-001
  5.35000000000000E+000 -1.88855599290602E-001
  5.40000000000000E+000 -1.87044315624955E-001
  5.45000000000000E+000 -1.85267766668404E-001
  5.50000000000000E+000 -1.83525270138018E-001
  5.55000000000000E+000 -1.81815566996307E-001
  5.60000000000000E+000 -1.80138055309022E-001
  5.65000000000000E+000 -1.78491615525916E-001
  5.70000000000000E+000 -1.76875657299437E-001
  5.75000000000000E+000 -1.75289049768185E-001
  5.80000000000000E+000 -1.73731389446848E-001
  5.85000000000000E+000 -1.72201546341101E-001
  5.90000000000000E+000 -1.70699078202119E-001
  5.95000000000000E+000 -1.69222977013579E-001
  6.00000000000000E+000 -1.67772916175014E-001
  6.05000000000000E+000 -1.66347818134209E-001
  6.10000000000000E+000 -1.64947434454396E-001
  6.15000000000000E+000 -1.63570800029647E-001
  6.20000000000000E+000 -1.62217598165799E-001
  6.25000000000000E+000 -1.60886973489989E-001
  6.30000000000000E+000 -1.59578607592230E-001
  6.35000000000000E+000 -1.58291654907841E-001
  6.40000000000000E+000 -1.57026008004242E-001
  6.45000000000000E+000 -1.55780740048070E-001
  6.50000000000000E+000 -1.54555685846716E-001
  6.55000000000000E+000 -1.53350044144652E-001
  6.60000000000000E+000 -1.52163662142702E-001
  6.65000000000000E+000 -1.50995740569318E-001
  6.70000000000000E+000 -1.49846263181090E-001
  6.75000000000000E+000 -1.48714372850446E-001
  6.80000000000000E+000 -1.47600112813094E-001
  6.85000000000000E+000 -1.46502508920141E-001
  6.90000000000000E+000 -1.45421664652209E-001
  6.95000000000000E+000 -1.44356871726964E-001
  7.00000000000000E+000 -1.43308078171519E-001
  7.05000000000000E+000 -1.42274584661764E-001
  7.10000000000000E+000 -1.41256349027022E-001
  7.15000000000000E+000 -1.40252771902196E-001
  7.20000000000000E+000 -1.39264011786021E-001
  7.25000000000000E+000 -1.38289208133346E-001
  7.30000000000000E+000 -1.37328292833477E-001
  7.35000000000000E+000 -1.36380841494698E-001
  7.40000000000000E+000 -1.35446762712108E-001
  7.45000000000000E+000 -1.34525403292402E-001
  7.50000000000000E+000 -1.33616926882533E-001
  7.55000000000000E+000 -1.32720710186608E-001
  7.60000000000000E+000 -1.31836764484820E-001
  7.65000000000000E+000 -1.30964499815248E-001
  7.70000000000000E+000 -1.30104113260373E-001
  7.75000000000000E+000 -1.29254914296430E-001
  7.80000000000000E+000 -1.28417049515689E-001
  7.85000000000000E+000 -1.27589939545235E-001
  7.90000000000000E+000 -1.26773733500436E-001
  7.95000000000000E+000 -1.25967820779942E-001
  8.00000000000000E+000 -1.25172407017620E-001
  8.05000000000000E+000 -1.24386960489283E-001
  8.10000000000000E+000 -1.23611522083328E-001
  8.15000000000000E+000 -1.22845754544913E-001
  8.20000000000000E+000 -1.22089521333605E-001
  8.25000000000000E+000 -1.21342484488592E-001
  8.30000000000000E+000 -1.20604658100110E-001
  8.35000000000000E+000 -1.19875597394780E-001
  8.40000000000000E+000 -1.19155403529553E-001
  8.45000000000000E+000 -1.18443714467140E-001
  8.50000000000000E+000 -1.17740478805062E-001
  8.55000000000000E+000 -1.17045135658486E-001
  8.60000000000000E+000 -1.16357889569442E-001
  8.65000000000000E+000 -1.15678255386128E-001
  8.70000000000000E+000 -1.15006335871943E-001
  8.75000000000000E+000 -1.14341792393376E-001
  8.80000000000000E+000 -1.13684313307831E-001
  8.85000000000000E+000 -1.13033541221522E-001
  8.90000000000000E+000 -1.12389072534441E-001
  8.95000000000000E+000 -1.11749786675174E-001
  9.00000000000000E+000 -1.11112447711416E-001
